Index chr pos Alpha q p addQtl.percent
Q1 1 1.76532 0.049469 0.351933 0.648067 0.279071936539103
Q2 1 3.27714 0.001468 0.497633 0.502367 0.00026937196303537
Q3 1 6.92661 0.025885 0.1306 0.8694 0.0380390056437195
Q4 1 17.56348 0.029328 0.448067 0.551933 0.106356544866305
Q5 1 18.03877 0.030106 0.489833 0.510167 0.113249559659342
Q6 1 19.29542 0.062127 0.343267 0.656733 0.435062512990301
Q7 1 21.70611 0.005268 0.4677 0.5323 0.00345450139976952
Q8 1 23.17119 0.051129 0.171033 0.828967 0.185319772137419
Q9 1 33.02995 0.068989 0.174467 0.825533 0.342749978261019
Q10 1 45.14786 0.000724 0.4556 0.5444 0.00006500533020032
Q11 1 48.92799 0.08467 0.199367 0.800633 0.572157880938386
Q12 1 54.24168 0.060437 0.460933 0.539067 0.453791492750023
Q13 1 62.54054 0.026776 0.252333 0.747667 0.067630666372153
Q14 1 64.84433 0.003361 0.186633 0.813367 0.000857397108540819
Q15 1 66.93531 0.002713 0.354533 0.645467 0.000842171035892908
Q16 1 71.18923 0.016391 0.498367 0.501633 0.0335827519021586
Q17 1 74.33961 0.008437 0.214133 0.785867 0.00598933708703505
Q18 1 81.39216 0.032163 0.2116 0.7884 0.0862870029675977
Q19 1 88.20856 0.057683 0.351567 0.648433 0.379261619075837
Q20 1 96.78598 0.001678 0.131067 0.868933 0.000160336931273729
Q21 1 103.3346 0.071161 0.492567 0.507433 0.632846101515006
Q22 1 114.62479 0.08672 0.346233 0.653767 0.85113803145654
Q23 1 115.53225 0.002428 0.184667 0.815333 0.000443804481618791
Q24 1 123.53354 0.040741 0.209033 0.790967 0.137216580355807
Q25 1 127.51901 0.061292 0.0689 0.9311 0.120501690252223
Q26 2 2.61811 0.039251 0.308333 0.691667 0.164281447197538
Q27 2 6.90278 0.079865 0.428433 0.571567 0.780967673710755
Q28 2 7.9561 0.010332 0.226333 0.773667 0.00934632227671341
Q29 2 20.53542 0.028872 0.1365 0.8635 0.049126829359608
Q30 2 21.65755 0.023718 0.397767 0.602233 0.0673782044087979
Q31 2 25.45232 0.046048 0.2118 0.7882 0.176992121593835
Q32 2 31.45329 0.026981 0.252667 0.747333 0.0687303842485344
Q33 2 44.71469 0.020334 0.423833 0.576167 0.0504845850996291
Q34 2 50.57908 0.075931 0.218533 0.781467 0.492306890476451
Q35 2 55.37259 0.029155 0.2929 0.7071 0.0880230281059999
Q36 2 55.63648 0.031614 0.140333 0.859667 0.0602863468115924
Q37 2 61.34083 0.047975 0.395433 0.604567 0.275116931189703
Q38 2 65.70717 0.041873 0.4245 0.5755 0.214171254788834
Q39 2 68.08006 0.005636 0.3163 0.6837 0.00343460458248888
Q40 2 71.99495 0.038108 0.460133 0.539867 0.180373395233256
Q41 2 80.20445 0.027007 0.314433 0.685567 0.0786141489075279
Q42 2 81.86901 0.014807 0.407233 0.592767 0.0264625163139811
Q43 2 85.68846 0.040532 0.3076 0.6924 0.174948193609947
Q44 2 96.68005 0.037484 0.490233 0.509767 0.17556426511491
Q45 2 99.33949 0.02038 0.102133 0.897867 0.0190439249981561
Q46 2 99.47322 0.100394 0.300667 0.699333 1.05963259040032
Q47 2 104.34121 0.006535 0.1447 0.8553 0.00264270198744487
Q48 2 110.62343 0.049559 0.4733 0.5267 0.30613634752772
Q49 2 115.09725 0.018913 0.216433 0.783567 0.0303312609951563
Q50 2 120.60851 0.113555 0.113633 0.886367 0.649382496970768
Q51 2 121.9542 0.017172 0.2525 0.7475 0.02782815049755
Q52 3 9.23009 0.026236 0.396267 0.603733 0.082337574768398
Q53 3 38.6979 0.026715 0.3712 0.6288 0.083291534247168
Q54 3 44.78905 0.015602 0.1829 0.8171 0.0181894458149032
Q55 3 45.58214 0.102291 0.364433 0.635567 1.21178030239827
Q56 3 53.84494 0.036956 0.454667 0.545333 0.169314882813848
Q57 3 57.16937 0.033169 0.243867 0.756133 0.10143456921975
Q58 3 58.50917 0.007414 0.3958 0.6042 0.00657251640124728
Q59 3 62.46228 0.01899 0.327133 0.672867 0.0396893073319264
Q60 3 63.8583 0.017563 0.3559 0.6441 0.0353548251829595
Q61 3 67.36132 0.069932 0.288133 0.711867 0.501549456380039
Q62 3 78.25983 0.011116 0.4997 0.5003 0.0154456764395545
Q63 3 80.85632 0.013182 0.2986 0.7014 0.0181965134954585
Q64 3 83.8261 0.005992 0.205967 0.794033 0.00293595780126931
Q65 3 87.47123 0.034202 0.422 0.578 0.142663639462232
Q66 3 87.93677 0.027687 0.1851 0.8149 0.0578139366591611
Q67 3 90.25411 0.043484 0.337533 0.662467 0.211402182786575
Q68 3 99.79181 0.106074 0.2196 0.7804 0.96413421043601
Q69 3 105.07982 0.069155 0.1741 0.8259 0.343829719449695
Q70 3 107.52557 0.057402 0.331867 0.668133 0.365301154818105
Q71 4 3.62096 0.026026 0.297333 0.702667 0.0707583220954225
Q72 4 21.29716 0.025098 0.323367 0.676633 0.0689123573851609
Q73 4 28.23933 0.014796 0.4883 0.5117 0.0273502179099929
Q74 4 30.58891 0.090534 0.215167 0.784833 0.692064133710578
Q75 4 30.66221 0.044808 0.250933 0.749067 0.188694641423396
Q76 4 39.33815 0.077434 0.4246 0.5754 0.732458865586122
Q77 4 40.6469 0.022372 0.338133 0.661867 0.0560064327129729
Q78 4 45.6093 0.100752 0.074933 0.925067 0.351822544393431
Q79 4 46.55662 0.024978 0.443367 0.556633 0.0769870435217007
Q80 4 51.36028 0.013528 0.218133 0.781867 0.0156059944884292
Q81 4 55.81583 0.034698 0.053567 0.946433 0.0305187041401503
Q82 4 55.89191 0.022421 0.220867 0.779133 0.0432536132935686
Q83 4 62.58087 0.05857 0.133367 0.866633 0.19824582810349
Q84 4 63.69089 0.008567 0.2626 0.7374 0.00710600310894318
Q85 4 71.6286 0.000159 0.194333 0.805667 0.00000197909382364559
Q86 4 75.9686 0.017986 0.3574 0.6426 0.0371479157467135
Q87 4 76.87542 0.040958 0.454 0.546 0.207919864385688
Q88 4 82.67849 0.038887 0.402867 0.597133 0.181891184765279
Q89 4 87.27803 0.016492 0.462567 0.537433 0.0338077005532631
Q90 4 93.49144 0.023885 0.404267 0.595733 0.0686974228915974
Q91 4 106.70892 0.008719 0.4965 0.5035 0.00950215449661387
Q92 5 3.93185 0.01053 0.3828 0.6172 0.013098591349272
Q93 5 7.15752 0.053571 0.381867 0.618133 0.33870653037522
Q94 5 7.91363 0.063371 0.477 0.523 0.500923253901955
Q95 5 19.56761 0.026458 0.436067 0.563933 0.0860725678745962
Q96 5 24.50135 0.057111 0.4989 0.5011 0.407706316816876
Q97 5 31.56175 0.00206 0.378233 0.621767 0.0004989896421832
Q98 5 31.60682 0.004027 0.334567 0.665433 0.00180518077705494
Q99 5 39.53133 0.000766 0.3744 0.6256 0.00006871635643392
Q100 5 47.62589 0.01303 0.475467 0.524533 0.0211715196470841
Q101 5 55.16962 0.062898 0.3479 0.6521 0.448758105228459
Q102 5 60.25827 0.050572 0.347733 0.652267 0.290042458125419
Q103 5 61.59518 0.082181 0.3493 0.6507 0.767524486643238
Q104 5 61.79218 0.002857 0.231833 0.768167 0.000726810824123286
Q105 5 65.35328 0.047965 0.4626 0.5374 0.285971130665059
Q106 5 68.39223 0.052538 0.451167 0.548833 0.341739059212027
Q107 5 81.26975 0.071703 0.253733 0.746267 0.486761083787322
Q108 5 95.68643 0.025451 0.258433 0.741567 0.0620694748014765
Q109 5 102.61697 0.005653 0.4821 0.5179 0.00398943154849616
Q110 5 102.9401 0.054523 0.491533 0.508467 0.371488132499085
Q111 5 107.23697 0.074574 0.391633 0.608367 0.662505989457665
Q112 5 110.38468 0.028926 0.219967 0.780033 0.0717822845526913
Q113 5 114.97372 0.003487 0.369133 0.630867 0.00141577611705522
Q114 6 2.40682 0.009879 0.226967 0.773033 0.00856163534219445
Q115 6 4.90912 0.02523 0.336367 0.663633 0.0710470190784084
Q116 6 5.05815 0.037977 0.413967 0.586033 0.174944022374774
Q117 6 10.00029 0.084936 0.4459 0.5541 0.891208326727293
Q118 6 11.74246 0.005776 0.057467 0.942533 0.000903523523459255
Q119 6 12.52985 0.040134 0.2218 0.7782 0.139010519159135
Q120 6 15.42819 0.056232 0.422633 0.577367 0.385791297898027
Q121 6 24.54053 0.009013 0.353333 0.646667 0.00928054853585834
Q122 6 28.67803 0.003667 0.286867 0.713133 0.00137544411563001
Q123 6 38.65928 0.016625 0.447033 0.552967 0.0341611207488959
Q124 6 48.22154 0.050713 0.2533 0.7467 0.243214773001606
Q125 6 52.9879 0.08626 0.292233 0.707767 0.769499740990588
Q126 6 56.82632 0.062624 0.0812 0.9188 0.146294711915233
Q127 6 59.79221 0.09782 0.360733 0.639267 1.10329965125858
Q128 6 61.13503 0.039963 0.387 0.613 0.189433860504619
Q129 6 67.1255 0.014771 0.278167 0.721833 0.0219044392672506
Q130 6 67.24171 0.017856 0.4774 0.5226 0.0397731674743603
Q131 6 71.07719 0.051736 0.470733 0.529267 0.333430375514427
Q132 6 75.19973 0.029137 0.306867 0.693133 0.0902872521994351
Q133 6 82.44048 0.081579 0.3845 0.6155 0.787501084515875
Q134 6 84.28849 0.038126 0.459967 0.540033 0.180534191466443
Q135 6 96.55771 0.026616 0.4852 0.5148 0.0884738467773389
Q136 6 96.72163 0.005242 0.460933 0.539067 0.00341385118891463
Q137 6 105.63861 0.016619 0.202833 0.797167 0.0223289194079334
Q138 6 109.34177 0.020736 0.321533 0.678467 0.0469001524263673
Q139 7 0.27627 0.017475 0.258733 0.741267 0.0292840313968842
Q140 7 16.70199 0.004316 0.122367 0.877633 0.00100025362511581
Q141 7 19.65422 0.032664 0.467233 0.532767 0.132794339576453
Q142 7 27.00654 0.014337 0.335933 0.664067 0.0229272064810678
Q143 7 34.03476 0.035458 0.4002 0.5998 0.150897491929885
Q144 7 38.33487 0.017071 0.385967 0.614033 0.0345326427194721
Q145 7 45.44461 0.034156 0.4647 0.5353 0.145102177556217
Q146 7 52.60309 0.031159 0.375133 0.624867 0.113791516839757
Q147 7 65.30591 0.079186 0.381533 0.618467 0.739801920723976
Q148 7 72.15928 0.06602 0.4163 0.5837 0.529562408268062
Q149 7 85.20189 0.027143 0.135167 0.864833 0.0430614476034612
Q150 7 87.26452 0.002796 0.210667 0.789333 0.000649981669677197
Q151 7 87.35885 0.019424 0.4235 0.5765 0.046057469101952
Q152 7 89.28449 0.023572 0.2971 0.7029 0.0580175071305113
Q153 7 89.8448 0.004478 0.2218 0.7782 0.00173057709411192
Q154 7 92.45536 0.017039 0.172033 0.827967 0.020676784462372
Q155 7 92.93625 0.016792 0.402133 0.597867 0.0338960547098321
Q156 7 97.48258 0.027426 0.4871 0.5129 0.0939605989074694
Q157 7 98.00781 0.011985 0.151533 0.848467 0.00923396572281739
Q158 7 99.513 0.027424 0.180867 0.819133 0.0557115655085495
Q159 8 5.364 0.085142 0.324133 0.675867 0.79403965210589
Q160 8 15.11894 0.007725 0.3505 0.6495 0.00679257055617187
Q161 8 18.79004 0.058388 0.3255 0.6745 0.374239953022782
Q162 8 31.40779 0.032499 0.149933 0.850067 0.0673070239048693
Q163 8 35.50311 0.139532 0.1004 0.8996 0.879226567189518
Q164 8 39.08474 0.02023 0.306467 0.693533 0.0434923242952563
Q165 8 48.23627 0.018376 0.1677 0.8323 0.0235659485917565
Q166 8 52.48834 0.033211 0.090767 0.909233 0.0455131695419764
Q167 8 53.62412 0.014717 0.237433 0.762567 0.0196077459505951
Q168 8 55.35673 0.018562 0.422867 0.577133 0.0420435368546382
Q169 8 56.49834 0.037308 0.2882 0.7118 0.142766364557488
Q170 8 64.50694 0.022124 0.102933 0.897067 0.0225983544022593
Q171 8 66.61059 0.007207 0.423433 0.576567 0.00634035436881709
Q172 8 66.8887 0.041367 0.341533 0.658467 0.192417578308779
Q173 8 68.90988 0.002056 0.0997 0.9003 0.00018971367345888
Q174 8 72.73623 0.03299 0.4333 0.5667 0.133621559806256
Q175 8 86.41726 0.075878 0.491433 0.508567 0.719472580062004
Q176 8 96.29256 0.021075 0.187833 0.812167 0.0338783620667869
Q177 9 1.2621 0.028519 0.343733 0.656267 0.0917361238363386
Q178 9 4.55961 0.017104 0.185833 0.814167 0.0221310344154755
Q179 9 10.08054 0.083688 0.267267 0.732733 0.685784196135164
Q180 9 11.32196 0.020639 0.176967 0.823033 0.0310210750159222
Q181 9 16.74723 0.008356 0.243233 0.756767 0.00642616021491916
Q182 9 17.01026 0.056797 0.465767 0.534233 0.401347188243243
Q183 9 30.25054 0.040396 0.4386 0.5614 0.200903622238576
Q184 9 30.42213 0.009773 0.424833 0.575167 0.0116691173359263
Q185 9 32.92525 0.012149 0.4322 0.5678 0.0181105324678576
Q186 9 39.32423 0.018005 0.087533 0.912467 0.0129462871596212
Q187 9 45.08128 0.0042 0.4626 0.5374 0.0021926629368
Q188 9 49.6039 0.040806 0.499167 0.500833 0.208140626792431
Q189 9 52.35428 0.016639 0.4432 0.5568 0.0341604376564685
Q190 9 74.66118 0.002829 0.046133 0.953867 0.000176090294935397
Q191 9 79.16129 0.000223 0.456167 0.543833 0.00000616835204324596
Q192 9 81.60002 0.019218 0.234367 0.765633 0.0331362598535171
Q193 9 84.01194 0.03109 0.209367 0.790633 0.0800008526668734
Q194 9 85.30359 0.057412 0.4444 0.5556 0.406922443811854
Q195 9 91.90994 0.061576 0.3681 0.6319 0.440968050115312
Q196 9 94.64185 0.016018 0.319 0.681 0.027869192024718
Q197 10 2.3824 0.026034 0.226133 0.773867 0.0593037391911257
Q198 10 7.0174 0.053162 0.124 0.876 0.153496479028128
Q199 10 9.07543 0.018915 0.484333 0.515667 0.0446782440404755
Q200 10 9.80451 0.064654 0.108867 0.891133 0.202768077762205
Q201 10 10.65997 0.022796 0.354533 0.645467 0.0594590560305276
Q202 10 23.74244 0.047293 0.2768 0.7232 0.223866049638917
Q203 10 28.63728 0.028251 0.230267 0.769733 0.0707309454887793
Q204 10 28.96636 0.084284 0.331967 0.668033 0.787685972744028
Q205 10 32.10012 0.049983 0.3445 0.6555 0.282082773343454
Q206 10 32.36986 0.047763 0.1408 0.8592 0.137990796557138
Q207 10 38.52493 0.031429 0.451933 0.548067 0.122331651289647
Q208 10 44.94807 0.055565 0.288933 0.711067 0.317161389959629
Q209 10 45.6436 0.011311 0.497033 0.502967 0.0159917769970262
Q210 10 45.87932 0.025432 0.164267 0.835733 0.0443965181156745
Q211 10 62.20853 0.016492 0.3116 0.6884 0.0291712451660941
Q212 10 65.39744 0.10623 0.4733 0.5267 1.40657919736586
Q213 10 76.41177 0.069275 0.255667 0.744333 0.456630611810341
Q214 10 85.92404 0.000873 0.300867 0.699133 0.0000801554117266071
Q215 10 86.42638 0.002372 0.464233 0.535767 0.000699699144551611
Q216 11 13.69094 0.032952 0.45 0.55 0.13437199512
Q217 11 18.84844 0.015229 0.145567 0.854433 0.0144229375397674
Q218 11 21.76584 0.053391 0.245567 0.754433 0.264056459627605
Q219 11 24.17461 0.000984 0.459633 0.540367 0.000120243115995204
Q220 11 27.44627 0.001834 0.4929 0.5071 0.00042035972157102
Q221 11 32.4495 0.085785 0.4614 0.5386 0.914400920968699
Q222 11 35.10871 0.002293 0.364567 0.635433 0.000609011135529779
Q223 11 46.62305 0.015386 0.432733 0.567267 0.0290555429853819
Q224 11 47.7506 0.057235 0.406333 0.593667 0.395110327800582
Q225 11 50.83526 0.010612 0.151967 0.848033 0.00725648880497008
Q226 11 55.79779 0.024045 0.410133 0.589867 0.0699356124096352
Q227 11 65.65367 0.035891 0.174033 0.825967 0.0925838901820485
Q228 11 66.12144 0.028315 0.187033 0.812967 0.0609528887858955
Q229 11 66.63192 0.030588 0.259567 0.740433 0.089909878635716
Q230 11 70.78479 0.031073 0.4164 0.5836 0.117317386206436
Q231 11 80.33748 0.032316 0.1734 0.8266 0.0748427432153443
Q232 11 84.41464 0.004873 0.152333 0.847667 0.00153314100161279
Q233 11 90.73612 0.074013 0.408433 0.591567 0.661775651103726
Q234 11 97.61232 0.112835 0.457233 0.542767 1.5798238757391
Q235 12 7.49956 0.060612 0.304033 0.695967 0.388683948470927
Q236 12 11.31355 0.032336 0.471833 0.528167 0.130287326291557
Q237 12 14.16491 0.014089 0.4325 0.5675 0.0243602824924719
Q238 12 14.74248 0.026258 0.124367 0.875633 0.037542273661081
Q239 12 23.36806 0.009348 0.383067 0.616933 0.0103257154713664
Q240 12 31.18434 0.127605 0.4936 0.5064 2.03504602654721
Q241 12 31.83772 0.00371 0.499 0.501 0.00172050561795
Q242 12 43.45696 0.053819 0.4764 0.5236 0.361253982048757
Q243 12 48.76923 0.021608 0.4188 0.5812 0.0568239507593779
Q244 12 50.52506 0.047364 0.2485 0.7515 0.209470142046942
Q245 12 52.84785 0.013906 0.383533 0.616467 0.0228605684507518
Q246 12 55.21001 0.032693 0.275233 0.724767 0.106605219339924
Q247 12 60.59983 0.034581 0.1069 0.8931 0.0570851168897804
Q248 12 66.58041 0.075308 0.2817 0.7183 0.573779391549258
Q249 12 67.58137 0.022087 0.363033 0.636967 0.0564035584667005
Q250 12 69.42858 0.070341 0.243167 0.756833 0.455293843421458
Q251 12 71.90515 0.044027 0.068333 0.931667 0.0617020214389505
Q252 13 3.63246 0.000896 0.314833 0.685167 0.0000865889970048123
Q253 13 16.61329 0.051735 0.111367 0.888633 0.132439602627396
Q254 13 18.12763 0.055146 0.441933 0.558067 0.375008241258787
Q255 13 20.11629 0.076707 0.302133 0.697867 0.620312918020183
Q256 13 29.5908 0.021329 0.342567 0.657433 0.0512280726801731
Q257 13 30.44379 0.059503 0.390733 0.609267 0.421439731699086
Q258 13 37.57363 0.062381 0.476167 0.523833 0.485318467470913
Q259 13 44.02416 0.029769 0.273667 0.726333 0.0880758217972721
Q260 13 52.27957 0.068732 0.1432 0.8568 0.289808048848389
Q261 13 54.76917 0.051657 0.498167 0.501833 0.333551223284408
Q262 13 55.67252 0.073866 0.264433 0.735567 0.530636423240359
Q263 13 59.50668 0.035452 0.2026 0.7974 0.101523634743372
Q264 13 73.21883 0.039722 0.4639 0.5361 0.196201533836559
Q265 14 0.21106 0.023712 0.3726 0.6274 0.0657194230110413
Q266 14 3.52675 0.045031 0.2507 0.7493 0.19045976920314
Q267 14 5.70192 0.080566 0.1924 0.8076 0.504283764643638
Q268 14 7.05881 0.068949 0.475733 0.524267 0.592845800462058
Q269 14 22.54141 0.02265 0.292367 0.707633 0.0530692373163162
Q270 14 26.33174 0.013108 0.356233 0.643767 0.0197017919530557
Q271 14 37.26189 0.013992 0.475433 0.524567 0.0244129289029636
Q272 14 40.01115 0.002324 0.079433 0.920567 0.000197468860198173
Q273 14 42.49815 0.010131 0.480567 0.519433 0.0128102650998466
Q274 14 43.98224 0.080836 0.092333 0.907667 0.273818714591768
Q275 14 44.41119 0.054074 0.373167 0.626833 0.341981081143584
Q276 14 46.4239 0.00219 0.119733 0.880267 0.000252747296739414
Q277 14 51.81506 0.018706 0.3043 0.6957 0.0370387072359992
Q278 14 53.29919 0.057065 0.3198 0.6802 0.354180571639615
Q279 14 57.24422 0.068265 0.117 0.883 0.240720323727488
Q280 14 57.86374 0.017254 0.362833 0.637167 0.0344119787662076
Q281 14 62.68976 0.101022 0.240967 0.759033 0.933297618293529
Q282 14 63.6726 0.039879 0.416367 0.583633 0.193230049247573
Q283 14 73.26994 0.028502 0.4843 0.5157 0.101445380698327
Q284 14 77.96674 0.000376 0.465633 0.534367 0.000017588511061376
Q285 14 81.62187 0.014896 0.269867 0.730133 0.0218605503142252
Q286 15 10.71426 0.009046 0.315933 0.684067 0.00884253531101426
Q287 15 19.81886 0.006046 0.386867 0.613133 0.00433533505128576
Q288 15 20.97298 0.079719 0.302767 0.697233 0.67078008542432
Q289 15 25.4099 0.037903 0.357 0.643 0.16489077693668
Q290 15 27.99765 0.013305 0.2346 0.7654 0.0158933785571955
Q291 15 39.85888 0.038253 0.306 0.694 0.155375272099638
Q292 15 49.44969 0.062863 0.1356 0.8644 0.23159792176618
Q293 15 52.2437 0.027649 0.288067 0.711933 0.0783901499604044
Q294 15 52.30735 0.039184 0.325067 0.674933 0.168430635032988
Q295 15 54.48965 0.027453 0.313267 0.686733 0.0810685097952269
Q296 15 57.4601 0.066384 0.1214 0.8786 0.235021029840645
Q297 15 57.57683 0.061161 0.102167 0.897833 0.171563684518251
Q298 15 57.59136 0.013786 0.154267 0.845733 0.0123980351544415
Q299 15 58.94351 0.011343 0.403567 0.596433 0.0154847136783369
Q300 15 59.94653 0.130527 0.190967 0.809033 1.31611936529192
Q301 15 60.29647 0.021082 0.391467 0.608533 0.0529386563843748
Q302 15 63.84552 0.009335 0.331033 0.668967 0.00964882952562738
Q303 15 67.28709 0.044422 0.1883 0.8117 0.150803730802681
Q304 15 70.26051 0.025881 0.443667 0.556333 0.0826654546481251
Q305 15 70.61828 0.017916 0.4942 0.5058 0.0401174830649981
Q306 16 9.99093 0.016114 0.297433 0.702567 0.0271302391080152
Q307 16 11.65544 0.027688 0.149067 0.850933 0.0486216905044523
Q308 16 14.96084 0.010354 0.282333 0.717667 0.0108610282999726
Q309 16 19.04734 0.039809 0.2069 0.7931 0.13002323926764
Q310 16 23.70438 0.070752 0.383633 0.616367 0.591837913478129
Q311 16 26.95125 0.044298 0.086133 0.913867 0.0772308493347462
Q312 16 28.59695 0.031471 0.3066 0.6934 0.105280291343863
Q313 16 29.00528 0.115382 0.452133 0.547867 1.64887403015849
Q314 16 45.106 0.038254 0.382733 0.617267 0.172859272362128
Q315 16 52.86728 0.034185 0.4805 0.5195 0.145854595345472
Q316 16 56.37745 0.027213 0.408333 0.591667 0.0894570710093101
Q317 16 57.73385 0.046116 0.3252 0.6748 0.233345202412251
Q318 16 57.89889 0.021204 0.462867 0.537133 0.0558912277123554
Q319 16 60.31571 0.020843 0.491967 0.508033 0.0542898144179932
Q320 16 62.42265 0.015092 0.321933 0.678067 0.024860033115384
Q321 16 67.2143 0.004856 0.428233 0.571767 0.00288686568262785
Q322 17 2.82623 0.014864 0.2043 0.7957 0.0179580477634445
Q323 17 3.70116 0.013255 0.050167 0.949833 0.00418595787489947
Q324 17 9.58509 0.027326 0.041367 0.958633 0.0148056859703148
Q325 17 12.48744 0.077998 0.495133 0.504867 0.760388946245294
Q326 17 20.87265 0.01811 0.350367 0.649633 0.0373248591519879
Q327 17 31.02352 0.028223 0.329067 0.670933 0.0879305604030877
Q328 17 35.78112 0.024898 0.466667 0.533333 0.07714441271897
Q329 17 38.20676 0.011658 0.475933 0.524067 0.0169492598717062
Q330 17 43.66961 0.028037 0.430933 0.569067 0.0963842876885689
Q331 17 46.00525 0.06792 0.193733 0.806267 0.360286382119083
Q332 17 46.31275 0.08069 0.385533 0.614467 0.771204503605159
Q333 17 49.87909 0.07688 0.125967 0.874033 0.325372894098949
Q334 17 60.14628 0.046707 0.464567 0.535433 0.271323519712719
Q335 17 61.26653 0.080469 0.154267 0.845733 0.422409351037775
Q336 17 63.93936 0.074253 0.2667 0.7333 0.53914144065701
Q337 17 64.87314 0.0572 0.3746 0.6254 0.3832548962528
Q338 17 65.98282 0.110695 0.3059 0.6941 1.30085093946295
Q339 18 2.68809 0.004798 0.357733 0.642267 0.0026446311227441
Q340 18 5.56916 0.048436 0.279333 0.720667 0.236136665807622
Q341 18 5.6452 0.005558 0.4537 0.5463 0.00382830974595342
Q342 18 16.90943 0.06016 0.161667 0.838333 0.245258236292464
Q343 18 24.99803 0.072742 0.396867 0.603133 0.633284063148559
Q344 18 29.46649 0.033665 0.2696 0.7304 0.111585533542472
Q345 18 31.24526 0.0263 0.349167 0.650833 0.0785930708564588
Q346 18 38.74791 0.054427 0.216333 0.783667 0.251103710347508
Q347 18 42.92266 0.108532 0.367233 0.632767 1.36858299334447
Q348 18 47.52147 0.011033 0.1429 0.8571 0.00745454197630675
Q349 18 50.63636 0.041555 0.419833 0.580167 0.210303341076572
Q350 18 59.42191 0.073763 0.228333 0.771667 0.479342303260714
Q351 19 1.30408 0.024789 0.129667 0.870333 0.0346739192222761
Q352 19 2.42926 0.025552 0.124533 0.875467 0.035591314868045
Q353 19 4.45013 0.064382 0.213567 0.786433 0.348092613615581
Q354 19 10.97192 0.006039 0.328933 0.671067 0.00402506958006156
Q355 19 16.23073 0.036072 0.295567 0.704433 0.135458444836997
Q356 19 16.36114 0.029849 0.1088 0.8912 0.0431950170248653
Q357 19 17.06427 0.004539 0.1598 0.8402 0.00138308802772158
Q358 19 29.06038 0.105835 0.149 0.851 0.710140793541387
Q359 19 44.71274 0.043264 0.300133 0.699867 0.196586010705411
Q360 19 48.73022 0.040243 0.286 0.714 0.165354091900998
Q361 19 50.64873 0.037076 0.333267 0.666733 0.152721441457659
Q362 19 51.20274 0.04794 0.221367 0.778633 0.198066829249069
Q363 19 58.79229 0.012061 0.466833 0.533167 0.0181034542498304
Q364 19 60.17476 0.001569 0.3451 0.6549 0.000278186365974195
Q365 20 1.77626 0.085256 0.129367 0.870633 0.409334680421279
Q366 20 2.09138 0.001745 0.360467 0.639533 0.000350985631691271
Q367 20 15.72239 0.016237 0.067367 0.932633 0.0082820828703601
Q368 20 27.15904 0.033495 0.429467 0.570533 0.137448668302308
Q369 20 34.33142 0.015094 0.205267 0.794733 0.0185831390909726
Q370 20 36.69638 0.028061 0.237333 0.762667 0.0712638655577282
Q371 20 37.85439 0.006804 0.3331 0.6669 0.00514202240136312
Q372 20 40.13456 0.082733 0.450867 0.549133 0.847331871834054
Q373 20 42.42756 0.079505 0.141667 0.858333 0.384311513304159
Q374 20 44.56129 0.007531 0.3926 0.6074 0.00676239262584782
Q375 20 53.94829 0.009384 0.0742 0.9258 0.00302459398593408
Q376 20 57.03037 0.05298 0.484267 0.515733 0.35051266025202
Q377 20 59.96642 0.022947 0.212833 0.787167 0.0441090476813259
Q378 20 62.36169 0.021974 0.319433 0.680567 0.0524854483798925
Q379 20 65.54867 0.01914 0.2794 0.7206 0.036878608911672
Q380 21 1.87439 0.029957 0.251733 0.748267 0.0845207587512455
Q381 21 4.07839 0.013109 0.3781 0.6219 0.0202039537391168
Q382 21 4.15868 0.063356 0.267633 0.732367 0.393381501743034
Q383 21 10.71546 0.044446 0.125667 0.874333 0.108525922451313
Q384 21 18.44813 0.005243 0.3355 0.6645 0.00306420085589888
Q385 21 18.8056 0.024063 0.2258 0.7742 0.0506112019114174
Q386 21 23.51745 0.044835 0.361633 0.638367 0.232029302778433
Q387 21 24.78847 0.068599 0.016633 0.983367 0.0384850266469438
Q388 21 28.5734 0.014056 0.416533 0.583467 0.0240081786231998
Q389 21 29.8815 0.034135 0.457967 0.542033 0.14462045769136
Q390 21 33.66165 0.062404 0.090833 0.909167 0.160798570153424
Q391 21 41.70857 0.03498 0.279667 0.720333 0.123249211512784
Q392 21 41.90036 0.069758 0.363767 0.636233 0.563115569583808
Q393 21 50.28746 0.016469 0.324867 0.675133 0.0297440017425195
Q394 21 60.84707 0.039858 0.2405 0.7595 0.145092134195599
Q395 22 4.06932 0.039094 0.1909 0.8091 0.118031615445405
Q396 22 8.19765 0.01222 0.402833 0.597167 0.0179611134891385
Q397 22 9.82818 0.015881 0.3429 0.6571 0.028413494395997
Q398 22 13.14431 0.066243 0.257633 0.742367 0.419633487277179
Q399 22 14.09642 0.057009 0.258867 0.741133 0.311766675888889
Q400 22 15.34259 0.030397 0.448133 0.551867 0.114254365454656
Q401 22 17.59905 0.045597 0.440133 0.559867 0.256160018309864
Q402 22 18.58214 0.106696 0.168533 0.831467 0.797620393549677
Q403 22 20.62347 0.054438 0.278967 0.721033 0.298045315852784
Q404 22 21.27321 0.074884 0.4894 0.5106 0.700636646276042
Q405 22 21.41297 0.020323 0.2332 0.7668 0.0369280426686415
Q406 22 23.98208 0.037615 0.3109 0.6891 0.151563668520494
Q407 22 27.97984 0.036335 0.155933 0.844067 0.086883096160617
Q408 22 29.65803 0.011907 0.370533 0.629467 0.016533872006366
Q409 22 34.36046 0.012738 0.4561 0.5439 0.0201257291865584
Q410 23 1.83332 0.056872 0.476967 0.523033 0.40344508606118
Q411 23 5.96349 0.037339 0.384133 0.615867 0.164916428729311
Q412 23 6.64966 0.018477 0.414633 0.585367 0.0414309623767998
Q413 23 17.53565 0.01805 0.095867 0.904133 0.0141197131785098
Q414 23 17.75428 0.018662 0.373367 0.626633 0.0407413641909792
Q415 23 19.23711 0.01163 0.211833 0.788167 0.0112912311412478
Q416 23 24.87498 0.038886 0.3476 0.6524 0.171455044827971
Q417 23 27.96216 0.057379 0.288767 0.711233 0.338092404786934
Q418 23 31.65587 0.04444 0.3306 0.6694 0.218527784182752
Q419 23 32.84286 0.057197 0.289967 0.710033 0.336777923232334
Q420 23 39.94178 0.064187 0.159467 0.840533 0.276114842758581
Q421 23 40.89387 0.025148 0.1173 0.8827 0.0327407064798559
Q422 23 47.40738 0.055117 0.082533 0.917467 0.115016257030519
Q423 23 47.81508 0.017726 0.190867 0.809133 0.0242628747145918
Q424 24 1.73555 0.036773 0.378233 0.621767 0.159006622814751
Q425 24 3.14594 0.030148 0.247333 0.752667 0.0846003106963305
Q426 24 8.44356 0.006034 0.296867 0.703133 0.00379996871237438
Q427 24 9.83486 0.040408 0.2366 0.7634 0.147459110981262
Q428 24 14.28241 0.046731 0.260433 0.739567 0.210306982288875
Q429 24 17.69798 0.022421 0.175533 0.824467 0.0363757548512133
Q430 24 20.57171 0.033121 0.355433 0.644567 0.125661633233956
Q431 24 22.34157 0.024879 0.214667 0.785333 0.0521741014849483
Q432 24 30.28728 0.062492 0.183667 0.816333 0.292763774626236
Q433 24 30.95233 0.011215 0.489033 0.510967 0.015714464251672
Q434 24 36.94402 0.000476 0.080467 0.919533 0.00000838241270977337
Q435 24 38.75071 0.007892 0.163033 0.836967 0.00424940390430589
Q436 24 41.17495 0.000196 0.1188 0.8812 0.00000201081944448
Q437 24 48.55507 0.02295 0.441767 0.558233 0.064944766740339
Q438 24 53.32892 0.023862 0.054967 0.945033 0.0147887918296933
Q439 25 0.94578 0.003858 0.449467 0.550533 0.00184151651781577
Q440 25 2.29063 0.021126 0.435933 0.564067 0.0548725312000417
Q441 25 13.28089 0.031657 0.1685 0.8315 0.0702055871043399
Q442 25 13.43299 0.037841 0.2915 0.7085 0.147867805448524
Q443 25 13.66771 0.058709 0.0429 0.9571 0.0707610027778604
Q444 25 13.73405 0.022246 0.101367 0.898633 0.0225399436807231
Q445 25 14.94127 0.068333 0.336533 0.663467 0.521288283098983
Q446 25 15.52216 0.050108 0.3299 0.6701 0.277527533102854
Q447 25 15.57993 0.015504 0.289133 0.710867 0.024702649706855
Q448 25 16.17604 0.029569 0.250367 0.749633 0.0820482006012905
Q449 25 19.36406 0.021969 0.266933 0.733067 0.0472211456082587
Q450 25 22.13221 0.055934 0.123633 0.876367 0.169489260108008
Q451 25 27.84966 0.027023 0.2164 0.7836 0.0619139925473801
Q452 25 28.63749 0.142509 0.0284 0.9716 0.280195035204334
Q453 25 30.37019 0.038621 0.4516 0.5484 0.18470064538053
Q454 25 35.57974 0.035466 0.308 0.692 0.134045190040608
Q455 26 9.48675 0.075122 0.433867 0.566133 0.693073633752298
Q456 26 14.07852 0.032769 0.184567 0.815433 0.0808050898088497
Q457 26 19.45374 0.09013 0.1992 0.8008 0.647921132450592
Q458 26 21.40454 0.015935 0.433267 0.566733 0.0311751286014465
Q459 26 22.14711 0.004453 0.3434 0.6566 0.00223550972666798
Q460 26 24.37283 0.034468 0.438533 0.561467 0.146261050622666
Q461 26 24.7282 0.028793 0.435133 0.564867 0.101885425472631
Q462 26 26.29234 0.002165 0.147833 0.852167 0.000295244562604591
Q463 26 26.59919 0.009988 0.340667 0.659333 0.0112037123682723
Q464 26 26.79243 0.001354 0.4013 0.5987 0.00022023470192798
Q465 26 35.79682 0.046012 0.473033 0.526967 0.263868218726541
Q466 26 41.72245 0.054958 0.260633 0.739367 0.291018976977513
Q467 27 1.73611 0.006213 0.4833 0.5167 0.0048197883570998
Q468 27 8.22258 0.077334 0.145033 0.854967 0.37078925048576
Q469 27 9.69706 0.069874 0.327867 0.672133 0.537965148129495
Q470 27 10.514 0.07735 0.480467 0.519533 0.746736437014453
Q471 27 18.19142 0.086044 0.167567 0.832433 0.516355694043486
Q472 27 22.41829 0.040322 0.377467 0.622533 0.191027328606762
Q473 27 36.48356 0.005412 0.470667 0.529333 0.00364861718763498
Q474 27 42.38221 0.036987 0.2795 0.7205 0.137747592231839
Q475 28 3.05281 0.009036 0.2587 0.7413 0.00782911870119288
Q476 28 12.12025 0.024511 0.479133 0.520867 0.0749678388141551
Q477 28 13.51272 0.013709 0.197733 0.802267 0.0149066358127932
Q478 28 13.79928 0.006721 0.4654 0.5346 0.00561944116441422
Q479 28 14.2563 0.005459 0.276667 0.723333 0.00298189147122126
Q480 28 14.83422 0.07618 0.373233 0.626767 0.678794162644523
Q481 28 16.53692 0.077484 0.238233 0.761767 0.544776222463274
Q482 28 19.93214 0.00373 0.298067 0.701933 0.0014554497801611
Q483 28 27.23197 0.001027 0.320767 0.679233 0.000114899820843006
Q484 28 27.37866 0.042427 0.481633 0.518367 0.224702670615739
Q485 28 32.96333 0.036196 0.419567 0.580433 0.159530814238994
Q486 28 33.20332 0.073209 0.300167 0.699833 0.562932490995193
Q487 28 34.83242 0.028989 0.3798 0.6202 0.0989744723556536
Q488 28 35.03036 0.069132 0.089867 0.910133 0.195448954844259
Q489 29 4.83229 0.053529 0.2303 0.7697 0.253959047340748
Q490 29 4.87932 0.0007 0.0842 0.9158 0.0000188920382
Q491 29 13.79645 0.026639 0.217533 0.782467 0.0603944485018024
Q492 29 18.16882 0.046863 0.109833 0.890167 0.10735802537018
Q493 29 18.81758 0.006195 0.3659 0.6341 0.00445218075912487
Q494 29 22.57651 0.014121 0.2302 0.7698 0.0176678676151112
Q495 29 25.7197 0.010237 0.255333 0.744667 0.00996287008796417
Q496 29 29.40786 0.01004 0.462867 0.537133 0.0125307043685866
Q497 29 34.84193 0.05119 0.446633 0.553367 0.323820491903377
Q498 29 35.94323 0.078924 0.0355 0.9645 0.106639663300398
Q499 29 38.34606 0.070841 0.353867 0.646133 0.573721806409142
Q500 29 40.52752 0.010512 0.105067 0.894933 0.0051951436824189
